-1441732668
-464724003
-813329931
642451979
37304246
1821924785
2070889097
-2092303513
731490116
-1043572497
-1119310890
1987326470
876667160
384177395
2058222397
-479498613
-1814455376
-1202308908
1193406704
-805742829
-352295418
-2136667352
53459385
-1440950546
-2035490318
-1288304058
2135670627
2035065065
737178389
-134911717
1546247194
-928172544
1892073387
-1147289750
769496604
-1111693553
157713865
597421890
-1541593918
-1638838401
-226569660
-219006872
1794547240
1720358432
-916406581
-1930845629
286224340
247980891
786055008
1246513679
1625963341
-27263268
292332173
-2056157072
1004288498
-1529473146
611392822
1555900793
1615341890
1501878515
-904153359
-317944996
992371114
-460535141
1497528344
809417840
26888481
-1840900923
944169097
103141094
761694680
-2137825509
-1243449194
-93786686
-623256040
-113013176
2022801619
-203935250
-2004547471
-1234203889
-1702486030
-140741649
-1394707558
1338839153
1844711987
1140987233
600703873
-1492452056
-1963828867
464980644
-484778996
-1140705422
2118634875
-885130762
-1707247110
-930936540
-357150387
1843601089
-1659781043
1220680765
577362806
1113721422
2069190604
-1041984258
-660427516
756177160
-729142242
-2140227183
-1549453654
-703762627
1813115962
-210160351
-1771742850
-430974435
-917864190
59726729
-500758275
-386218247
-991640798
-1342789694
-1687596417
1950486571
-1086823877
-514709116
-1351000899
97078563
1012659910
-400442939
1471692482
-2140757954
-1256176931
1980995011
2120643034
-592128618
-593265317
19965600
2012483990
-881543190
591989439
476048377
1688557611
-569269804
1554241627
959490476
-304006737
-1809704083
1294970356
-1657938454
-1180876558
-406411451
-1328450536
1688995416
-1376877804
-400029651
554268859
-604731344
-1621787153
-1427005686
-1335872417
-1583309394
1769189923
-675767373
1528526637
-140152713
118938353
-1038895998
2091825827
-143099042
96120771
-988579922
526170724
-793036441
1124719229
1175366720
1691008608
-794977243
-992097622
1688715776
-1475496130
-993649232
-1206625624
761632983
-2053540374
-408863373
-204124305
306467254
-705422502
-1863364376
-1333664336
-1149245541
-554918547
1657240776
-1083558605
-1939920948
1084589664
-2136372446
1530455296
-2036315365
972449189
-2130823649
304271636
-1436913563
2099263675
1028337781
-949226138
-1121744096
-1628077730
743472420
-1515400263
-1179057241
-625737192
1448983139
-1990186663
-232541813
1284714143
1560352500
1265022607
197821298
1465553491
846816529
1455842804
-1680915383
1732656548
498907164
-966476606
1804833217
1697178359
-639068253
1919350380
-551757858
-183255945
-68171108
37267918
-1374636987
608747803
-726804343
-1877381990
2060510950
1275206725
-1639240987
-1450560138
2022163582
500016822
-119651717
754209917
-1763884630
453145991
-1753685888
-1351909753
-1732751704
-1350058857
368104656
-1877696323
-786749487
472170472
423358053
1567629613
-1708422603
240376100
911923938
-1480532481
-333736494
-431019996
1860479782
-1554358138
2019331163
1791409204
600537720
1065509047
541411288
773800140
1744929233
-1796313145
-246801787
-1127326114
696602705
-1753974589
-793702833
-1028483525
-1385761708
-654510870
-1535223154
-1191736363
-706201494
213387056
-1339002587
1728557857
1349673210
-1348433774
-747984520
-1482595398
-752128959
-2026884495
940553063
-1672478077
508052879
-909783323
-1572120801
-299541865
358561548
1101262788
-946889407
-327463287
1666648129
-452409615
-1566586815
1407093894
1865935698
247589485
730378883
161008264
163233279
-1924116184
-312015571
-2129723603
1817766403
-254470396
-398175243
751739069
1369769232
1643103826
-498713064
1916935544
-198705977
-259136271
1869257103
-1241463834
-1391503422
170485634
241839519
-563558611
1442476652
742007387
-1178232771
1828909793
-577151217
608752829
520211462
1754343826
-1451972726
-990905786
759247948
-227552029
-1618292428
-1828228102
-1573241007
1318691899
1060813179
-1368524972
-667601954
1046431339
-1446262946
-727008859
1276118207
-966446220
1936303373
-128158221
-877783274
-852072129
-1856044614
1126266838
1094448316
1439772766
2000591606
-459424798
-147389069
-1733615659
-1334536854
1846097878
-1687184101
-1775560018
-1305658801
1442129268
-1542899608
-2105481742
1144165791
-222950638
-85149848
1535098834
-1368093374
-1178377212
1613702927
-528025955
-862192020
161559583
-26922252
-893897500
-680897327
1888330243
624507873
-826207283
-812979554
1056205735
-490702738
1352748918
2102611587
-173234397
-351129223
-594933103
-457409513
-1254975041
-712851484
-1430418763
432477653
79347591
574950606
69653797
-1135922490
-1120140083
-1732128526
-1342321798
317701849
-1807975622
1964197105
-1371708054
-1925855007
-1067051189
-1800253669
343921264
255326182
1046419100
-18303997
2006785414
1873836671
1525887519
2083437051
-1228359426
-881764718
-335011038
538856531
982849465
-845666575
-432498755
332591912
1896121621
1703754479
183003707
-567598484
-402344755
-1712891497
-1868103466
-406962881
1688475462
-1827538515
845479727
1584334125
-975497747
-50233333
1104287853
544127050
1544523169
621647167
1512160078
-2023848815
620597143
2008197959
-1127647457
1946192893
1707928303
825241997
-1936268104
915067414
-1925181733
403393443
-1996104288
139098138
1693405469
-1054129175
669928819
824715071
83464973
-1528918706
739795450
553258685
781304069
-1824734348
-115432572
2130041682
-939859910
18539116
-1028548037
-668446888
32452728
-1746621078
192448208
-1796450682
-280622747
200309174
-1316489386
1007863520
-1614543754
-512725705
178453885
-2093809034
-968206450
616429954
1005968154
23544935
-886459700
328978344
276886750
(exit)
-934499702
1107559713
1001730195
1506933232
2046529011
1037046549
-1475489336
-1208822770
637775598
863555116
-745140963
964922300
-1891598612
498565924
-618507515
-74009620
2017560129
-1600953
1448841784
400154614
-1598432562
2050443388
-145683014
-730591837
-810532129
1150068879
-1703070191
1788743246
1795950028
1492136975
-83997738
1835437828
906780173
132957717
1974273250
231483807
67800666
139853495
1956179868
-1651385781
-1849213124
-1890361350
-1872909120
76356
-2019333498
553458202
255727981
-518875811
-199062369
-1191282609
1583770485
-888326612
962805160
1154037595
513459680
-851694877
-1599220306
-1987108656
-1891876203
-1331076722
-1183137537
-1018456592
1053242862
-532330034
72857450
2100318267
-1107582421
-1541604698
-458801992
-914209955
-626003471
-1436537318
1834773256
688696688
-1317480193
2034692981
-667743688
1272332283
-548636945
1675713057
1887122521
-309470074
-2049771831
731725231
1187029137
1798289619
290334137
-1862164623
-1027258411
-2036894446
-606484740
915195200
-1787880784
-1401551380
-1105651659
194113661
-2027118741
1689912576
1050967845
-1197424769
1670264286
-2065695743
-119121812
-161901284
196433788
-34292732
-1128483079
248777360
472356825
-1419048446
-557969898
-944253445
-329098147
1997292902
2112792373
664900593
-138042873
-480017874
-511826604
-1488505905
1443016505
1159083368
2105606068
-1380472491
262243559
-1333614507
1354399091
-1557733546
1695471416
1803518971
378141102
1196190743
-1777728099
-1222020856
1281225905
-430493863
807416787
855568526
1982073791
1779170409
1535418332
1866269929
-1761474406
379165440
-416782856
-1717698263
374136220
257475846
-1875731448
-2035161114
1243924418
-1580010975
-851670185
1058835974
736501189
-1874723147
-478570938
-1213542684
1849173812
-1051819958
-131749609
-1300460316
-58899628
-463173624
-1529462195
-1497949679
1114189989
-2126962755
-1426458709
40750864
747427165
-1668326127
701657144
631627077
-1929083406
-2074556237
-1843304377
1204511628
-1109488391
-771838511
2126758660
553250847
1372633205
294056373
-619564164
1467592712
-1351870392
1941028428
1916231472
1561244394
-1988366813
1037225121
1587865800
-1936085639
1937938763
669293020
1807495112
-422500147
1376351481
1430341797
1392498764
-82300811
-1119361557
-1152785571
2064083007
-353534868
-307455363
-5693683
-394816929
2063366585
1812980727
869106833
-1047453508
1126286856
407590923
1425175612
-1504248847
1788821735
-435349174
-1614259573
-1608492581
1726855920
474901061
1457609021
1539837404
-2002075592
-1905886710
1537993096
-1434137987
-1542506577
1728093987
2005825713
1150836141
320355688
1908465950
445288043
-1276952787
-509207898
263132537
1259754664
-1737376895
99397819
960348582
1540836103
327754714
335864900
1536791277
1908862465
-2048532435
309114333
970665744
-524314586
-885988605
-1210747627
-387017087
179906414
-2010650997
-2146715314
-688586040
-1536289139
-411564047
-509549273
-1626982777
380859615
891474603
-1793836446
773708738
1179898962
1993681976
1772229888
1856617694
-1302566374
-1845049623
1077848710
1721254021
-966342934
-1137925002
-1897250871
-974667175
-331659024
-1824685723
-1219666513
-374393872
-382958045
199403013
-1802487409
-960791435
-429768076
450845237
-1516979359
1034395571
-297574313
79773228
1302422107
628355368
1815048617
-2025649372
-12834273
-1538265864
397033411
144106647
-332623416
-95894811
1270868492
-1675646967
-1567776609
-285368288
-46681352
951420416
388557680
758331390
80022899
-544018634
2145280386
65297098
-288846109
978924920
-827757256
714100630
-2018472973
725802619
-1292669355
2015874355
1196917573
-121916135
-832588507
-1589702394
2101040643
1529285834
-1759753056
-1227062640
-242783948
1880066921
-380041734
2038531249
1987301656
-1625901995
1218278536
-808669968
1151478850
-1473374587
-2137129638
-1957908278
135944385
-177003159
-1156057671
352242151
-1033428673
-1456478280
1512506236
-1071493886
1885963489
894015438
-1336492997
-1386813416
226229541
1768093573
-1929676993
167742629
1835843796
1966748734
-1343809661
-404407259
1271979613
1430822264
346646586
-246923430
311180646
-698326291
-282583750
-1109193126
-57975284
-1829964492
-779010401
-772262289
1041279641
2084791612
-1935483017
1391595696
-974125996
1705282703
1755061844
-1230428218
1570401043
-1532947362
-176722400
-114429902
129646508
-1125471482
1094170286
-2124081420
2099349680
1742071880
-157228087
-1298826819
1507592850
-1963210564
344004176
610022794
50998300
591129586
-956219630
2049709029
-1609560794
1454784590
-1683256323
-2063300230
2024713303
-1944150796
-245054953
1874912716
-55874703
120804001
205444421
-744503422
776823199
1623514216
1094872764
-652785968
2040836854
-1660410002
2099743421
2125951592
1034387726
2088836781
1304975138
671670938
317517795
-956471598
1614828727
-200273783
1230021996
-1834594562
-1099576562
1146205172
907948585
304236352
-1284960499
1929431593
-390176207
-1705622219
-2003073264
1687210437
-2079455358
148079546
-1913459954
-1948777985
1786877840
-676965750
-1264152082
132344439
2122890721
-1092602612
-294484992
1437070004
-1214955242
-1110466800
-266135589
1383965609
-303669541
2107100407
1429386809
-94399851
-1688212135
-1844895593
-64914157
1480944550
980248732
1416283859
-1265358595
-1796933316
-1468473256
311032587
-1403777044
786704014
1993896505
2079659676
1614111909
1498222810
573130936
-772813211
285216438
1836405006
-674714965
-326584430
-1692038422
1631934230
-1615416234
948636681
-1709970582
1729478959
1585182381
1196835684
-1498521305
649713901
-85784796
-758229336
-2118313290
528999845
(exit)
